--- update parameters ---
--- run summa ---
file_master is 'model/settings/SUMMA/fileManager.txt'.
   1 controlVersion: SUMMA_FILE_MANAGER_V3.0.0
   2 simStartTime: 2002-10-01 00:00
   3 simEndTime: 2009-09-30 23:00
   4 tmZoneInfo: localTime
   5 outFilePrefix: run1
   6 settingsPath: model/settings/SUMMA/
   7 forcingPath: model/forcing/4_SUMMA_input/
   8 outputPath: model/simulations/run1/SUMMA/
   9 statePath: model/settings/SUMMA/states/
  10 initConditionFile: coldState.nc
  11 attributeFile: attributes.nc
  12 trialParamFile: trialParams.nc
  13 forcingListFile: forcingFileList.txt
  14 decisionsFile: modelDecisions.txt
  15 outputControlFile: outputControl.txt
  16 globalHruParamFile: localParamInfo.txt
  17 globalGruParamFile: basinParamInfo.txt
  18 vegTableFile: TBL_VEGPARM.TBL
  19 soilTableFile: TBL_SOILPARM.TBL
  20 generalTableFile: TBL_GENPARM.TBL
  21 noahmpTableFile: TBL_MPTABLE.TBL
decisions file =  model/settings/SUMMA/modelDecisions.txt
   1 soilCatTbl: ROSETTA
   2 vegeParTbl: MODIFIED_IGBP_MODIS_NOAH
   3 soilStress: NoahType
   4 stomResist: BallBerry
   5 num_method: itertive
   6 fDerivMeth: analytic
   7 LAI_method: monTable
   8 f_Richards: mixdform
   9 groundwatr: bigBuckt
  10 hc_profile: constant
  11 bcUpprTdyn: nrg_flux
  12 bcLowrTdyn: zeroFlux
  13 bcUpprSoiH: liq_flux
  14 bcLowrSoiH: drainage
  15 veg_traits: Raupach_BLM1994
  16 canopyEmis: difTrans
  17 snowIncept: lightSnow
  18 windPrfile: logBelowCanopy
  19 astability: louisinv
  20 canopySrad: BeersLaw
  21 alb_method: conDecay
  22 compaction: anderson
  23 snowLayers: CLM_2010
  24 thCondSnow: jrdn1991
  25 thCondSoil: funcSoilWet
  26 spatial_gw: localColumn
  27 subRouting: timeDlay
startTime: iyyy, im, id, ih, imin = 2002 10  1  0  0
finshTime: iyyy, im, id, ih, imin = 2009  9 30 23  0
number of time steps =       61368
 
INFO: aspect not found in the input attribute file, continuing ...

Skipping over LUTYPE = USGS
Skipping over SLTYPE = STAS
Skipping over SLTYPE = STAS-RUC
 Created output file: model/simulations/run1/SUMMA/run1_day.nc
 Created output file: model/simulations/run1/SUMMA/run1_timestep.nc
2002 10  2  0  0
2002 10  3  0  0
2002 10  4  0  0
2002 10  5  0  0
2002 10  6  0  0
2002 10  7  0  0
2002 10  8  0  0
2002 10  9  0  0
2002 10 10  0  0
2002 10 11  0  0
2002 10 12  0  0
2002 10 13  0  0
2002 10 14  0  0
2002 10 15  0  0
2002 10 16  0  0
2002 10 17  0  0
2002 10 18  0  0
2002 10 19  0  0
2002 10 20  0  0
2002 10 21  0  0
2002 10 22  0  0
2002 10 23  0  0
2002 10 24  0  0
2002 10 25  0  0
2002 10 26  0  0
2002 10 27  0  0
2002 10 28  0  0
2002 10 29  0  0
2002 10 30  0  0
2002 10 31  0  0
2002 11  1  0  0
2002 11  2  0  0
2002 11  3  0  0
2002 11  4  0  0
2002 11  5  0  0
2002 11  6  0  0
2002 11  7  0  0
2002 11  8  0  0
2002 11  9  0  0
2002 11 10  0  0
2002 11 11  0  0
2002 11 12  0  0
2002 11 13  0  0
2002 11 14  0  0
2002 11 15  0  0
2002 11 16  0  0
2002 11 17  0  0
2002 11 18  0  0
2002 11 19  0  0
2002 11 20  0  0
2002 11 21  0  0
2002 11 22  0  0
2002 11 23  0  0
2002 11 24  0  0
2002 11 25  0  0
2002 11 26  0  0
2002 11 27  0  0
2002 11 28  0  0
2002 11 29  0  0
2002 11 30  0  0
2002 12  1  0  0
2002 12  2  0  0
2002 12  3  0  0
2002 12  4  0  0
2002 12  5  0  0
2002 12  6  0  0
2002 12  7  0  0
2002 12  8  0  0
2002 12  9  0  0
2002 12 10  0  0
2002 12 11  0  0
2002 12 12  0  0
2002 12 13  0  0
2002 12 14  0  0
2002 12 15  0  0
2002 12 16  0  0
2002 12 17  0  0
2002 12 18  0  0
2002 12 19  0  0
2002 12 20  0  0
2002 12 21  0  0
2002 12 22  0  0
2002 12 23  0  0
2002 12 24  0  0
2002 12 25  0  0
2002 12 26  0  0
2002 12 27  0  0
2002 12 28  0  0
2002 12 29  0  0
2002 12 30  0  0
2002 12 31  0  0
2003  1  1  0  0
2003  1  2  0  0
2003  1  3  0  0
2003  1  4  0  0
2003  1  5  0  0
2003  1  6  0  0
2003  1  7  0  0
2003  1  8  0  0
2003  1  9  0  0
2003  1 10  0  0
2003  1 11  0  0
2003  1 12  0  0
2003  1 13  0  0
2003  1 14  0  0
2003  1 15  0  0
2003  1 16  0  0
2003  1 17  0  0
2003  1 18  0  0
2003  1 19  0  0
2003  1 20  0  0
2003  1 21  0  0
2003  1 22  0  0
2003  1 23  0  0
2003  1 24  0  0
2003  1 25  0  0
2003  1 26  0  0
2003  1 27  0  0
2003  1 28  0  0
2003  1 29  0  0
2003  1 30  0  0
2003  1 31  0  0
2003  2  1  0  0
2003  2  2  0  0
2003  2  3  0  0
2003  2  4  0  0
2003  2  5  0  0
2003  2  6  0  0
2003  2  7  0  0
2003  2  8  0  0
2003  2  9  0  0
2003  2 10  0  0
2003  2 11  0  0
2003  2 12  0  0
2003  2 13  0  0
2003  2 14  0  0
2003  2 15  0  0
2003  2 16  0  0
2003  2 17  0  0
2003  2 18  0  0
2003  2 19  0  0
2003  2 20  0  0
2003  2 21  0  0
2003  2 22  0  0
2003  2 23  0  0
2003  2 24  0  0
2003  2 25  0  0
2003  2 26  0  0
2003  2 27  0  0
2003  2 28  0  0
2003  3  1  0  0
2003  3  2  0  0
2003  3  3  0  0
2003  3  4  0  0
2003  3  5  0  0
2003  3  6  0  0
2003  3  7  0  0
2003  3  8  0  0
2003  3  9  0  0
2003  3 10  0  0
2003  3 11  0  0
2003  3 12  0  0
2003  3 13  0  0
2003  3 14  0  0
2003  3 15  0  0
2003  3 16  0  0
2003  3 17  0  0
2003  3 18  0  0
2003  3 19  0  0
2003  3 20  0  0
2003  3 21  0  0
2003  3 22  0  0
2003  3 23  0  0
2003  3 24  0  0
2003  3 25  0  0
2003  3 26  0  0
2003  3 27  0  0
2003  3 28  0  0
2003  3 29  0  0
2003  3 30  0  0
2003  3 31  0  0
2003  4  1  0  0
2003  4  2  0  0
2003  4  3  0  0
2003  4  4  0  0
2003  4  5  0  0
2003  4  6  0  0
2003  4  7  0  0
2003  4  8  0  0
2003  4  9  0  0
2003  4 10  0  0
2003  4 11  0  0
2003  4 12  0  0
2003  4 13  0  0
2003  4 14  0  0
2003  4 15  0  0
2003  4 16  0  0
2003  4 17  0  0
2003  4 18  0  0
2003  4 19  0  0
2003  4 20  0  0
2003  4 21  0  0
2003  4 22  0  0
2003  4 23  0  0
2003  4 24  0  0
2003  4 25  0  0
2003  4 26  0  0
2003  4 27  0  0
2003  4 28  0  0
2003  4 29  0  0
2003  4 30  0  0
2003  5  1  0  0
2003  5  2  0  0
2003  5  3  0  0
2003  5  4  0  0
2003  5  5  0  0
2003  5  6  0  0
2003  5  7  0  0
2003  5  8  0  0
2003  5  9  0  0
2003  5 10  0  0
2003  5 11  0  0
2003  5 12  0  0
2003  5 13  0  0
2003  5 14  0  0
2003  5 15  0  0
2003  5 16  0  0
2003  5 17  0  0
2003  5 18  0  0
2003  5 19  0  0
2003  5 20  0  0
2003  5 21  0  0
2003  5 22  0  0
2003  5 23  0  0
2003  5 24  0  0
2003  5 25  0  0
2003  5 26  0  0
2003  5 27  0  0
2003  5 28  0  0
2003  5 29  0  0
2003  5 30  0  0
2003  5 31  0  0
2003  6  1  0  0
2003  6  2  0  0
2003  6  3  0  0
2003  6  4  0  0
2003  6  5  0  0
2003  6  6  0  0
2003  6  7  0  0
2003  6  8  0  0
2003  6  9  0  0
2003  6 10  0  0
2003  6 11  0  0
2003  6 12  0  0
2003  6 13  0  0
2003  6 14  0  0
2003  6 15  0  0
2003  6 16  0  0
2003  6 17  0  0
2003  6 18  0  0
2003  6 19  0  0
2003  6 20  0  0
2003  6 21  0  0
2003  6 22  0  0
2003  6 23  0  0
2003  6 24  0  0
2003  6 25  0  0
2003  6 26  0  0
2003  6 27  0  0
2003  6 28  0  0
2003  6 29  0  0
2003  6 30  0  0
2003  7  1  0  0
2003  7  2  0  0
2003  7  3  0  0
2003  7  4  0  0
2003  7  5  0  0
2003  7  6  0  0
2003  7  7  0  0
2003  7  8  0  0
2003  7  9  0  0
2003  7 10  0  0
2003  7 11  0  0
2003  7 12  0  0
2003  7 13  0  0
2003  7 14  0  0
2003  7 15  0  0
2003  7 16  0  0
2003  7 17  0  0
2003  7 18  0  0
2003  7 19  0  0
2003  7 20  0  0
2003  7 21  0  0
2003  7 22  0  0
2003  7 23  0  0
2003  7 24  0  0
2003  7 25  0  0
2003  7 26  0  0
2003  7 27  0  0
2003  7 28  0  0
2003  7 29  0  0
2003  7 30  0  0
2003  7 31  0  0
2003  8  1  0  0
2003  8  2  0  0
2003  8  3  0  0
2003  8  4  0  0
2003  8  5  0  0
2003  8  6  0  0
2003  8  7  0  0
2003  8  8  0  0
2003  8  9  0  0
2003  8 10  0  0
2003  8 11  0  0
2003  8 12  0  0
2003  8 13  0  0
2003  8 14  0  0
2003  8 15  0  0
2003  8 16  0  0
2003  8 17  0  0
2003  8 18  0  0
2003  8 19  0  0
2003  8 20  0  0
2003  8 21  0  0
2003  8 22  0  0
2003  8 23  0  0
2003  8 24  0  0
2003  8 25  0  0
2003  8 26  0  0
2003  8 27  0  0
2003  8 28  0  0
2003  8 29  0  0
2003  8 30  0  0
2003  8 31  0  0
2003  9  1  0  0
2003  9  2  0  0
2003  9  3  0  0
2003  9  4  0  0
2003  9  5  0  0
2003  9  6  0  0
2003  9  7  0  0
2003  9  8  0  0
2003  9  9  0  0
2003  9 10  0  0
2003  9 11  0  0
2003  9 12  0  0
2003  9 13  0  0
2003  9 14  0  0
2003  9 15  0  0
2003  9 16  0  0
2003  9 17  0  0
2003  9 18  0  0
2003  9 19  0  0
2003  9 20  0  0
2003  9 21  0  0
2003  9 22  0  0
2003  9 23  0  0
2003  9 24  0  0
2003  9 25  0  0
2003  9 26  0  0
2003  9 27  0  0
2003  9 28  0  0
2003  9 29  0  0
2003  9 30  0  0
2003 10  1  0  0
2003 10  2  0  0
2003 10  3  0  0
2003 10  4  0  0
2003 10  5  0  0
2003 10  6  0  0
2003 10  7  0  0
2003 10  8  0  0
2003 10  9  0  0
2003 10 10  0  0
2003 10 11  0  0
2003 10 12  0  0
2003 10 13  0  0
2003 10 14  0  0
2003 10 15  0  0
2003 10 16  0  0
2003 10 17  0  0
2003 10 18  0  0
2003 10 19  0  0
2003 10 20  0  0
2003 10 21  0  0
2003 10 22  0  0
2003 10 23  0  0
2003 10 24  0  0
2003 10 25  0  0
2003 10 26  0  0
2003 10 27  0  0
2003 10 28  0  0
2003 10 29  0  0
2003 10 30  0  0
2003 10 31  0  0
2003 11  1  0  0
2003 11  2  0  0
2003 11  3  0  0
2003 11  4  0  0
2003 11  5  0  0
2003 11  6  0  0
2003 11  7  0  0
2003 11  8  0  0
2003 11  9  0  0
2003 11 10  0  0
2003 11 11  0  0
2003 11 12  0  0
2003 11 13  0  0
2003 11 14  0  0
2003 11 15  0  0
2003 11 16  0  0
2003 11 17  0  0
2003 11 18  0  0
2003 11 19  0  0
2003 11 20  0  0
2003 11 21  0  0
2003 11 22  0  0
2003 11 23  0  0
2003 11 24  0  0
2003 11 25  0  0
2003 11 26  0  0
2003 11 27  0  0
2003 11 28  0  0
2003 11 29  0  0
2003 11 30  0  0
2003 12  1  0  0
2003 12  2  0  0
2003 12  3  0  0
2003 12  4  0  0
2003 12  5  0  0
2003 12  6  0  0
2003 12  7  0  0
2003 12  8  0  0
2003 12  9  0  0
2003 12 10  0  0
2003 12 11  0  0
2003 12 12  0  0
2003 12 13  0  0
2003 12 14  0  0
2003 12 15  0  0
2003 12 16  0  0
2003 12 17  0  0
2003 12 18  0  0
2003 12 19  0  0
2003 12 20  0  0
2003 12 21  0  0
2003 12 22  0  0
2003 12 23  0  0
2003 12 24  0  0
2003 12 25  0  0
2003 12 26  0  0
2003 12 27  0  0
2003 12 28  0  0
2003 12 29  0  0
2003 12 30  0  0
2003 12 31  0  0
2004  1  1  0  0
2004  1  2  0  0
2004  1  3  0  0
2004  1  4  0  0
2004  1  5  0  0
2004  1  6  0  0
2004  1  7  0  0
2004  1  8  0  0
2004  1  9  0  0
2004  1 10  0  0
2004  1 11  0  0
2004  1 12  0  0
2004  1 13  0  0
2004  1 14  0  0
2004  1 15  0  0
2004  1 16  0  0
2004  1 17  0  0
2004  1 18  0  0
2004  1 19  0  0
2004  1 20  0  0
2004  1 21  0  0
2004  1 22  0  0
2004  1 23  0  0
2004  1 24  0  0
2004  1 25  0  0
2004  1 26  0  0
2004  1 27  0  0
2004  1 28  0  0
2004  1 29  0  0
2004  1 30  0  0
2004  1 31  0  0
2004  2  1  0  0
2004  2  2  0  0
2004  2  3  0  0
2004  2  4  0  0
2004  2  5  0  0
2004  2  6  0  0
2004  2  7  0  0
2004  2  8  0  0
2004  2  9  0  0
2004  2 10  0  0
2004  2 11  0  0
2004  2 12  0  0
2004  2 13  0  0
2004  2 14  0  0
2004  2 15  0  0
2004  2 16  0  0
2004  2 17  0  0
2004  2 18  0  0
2004  2 19  0  0
2004  2 20  0  0
2004  2 21  0  0
2004  2 22  0  0
2004  2 23  0  0
2004  2 24  0  0
2004  2 25  0  0
2004  2 26  0  0
2004  2 27  0  0
2004  2 28  0  0
2004  2 29  0  0
2004  3  1  0  0
2004  3  2  0  0
2004  3  3  0  0
2004  3  4  0  0
2004  3  5  0  0
2004  3  6  0  0
2004  3  7  0  0
2004  3  8  0  0
2004  3  9  0  0
2004  3 10  0  0
2004  3 11  0  0
2004  3 12  0  0
2004  3 13  0  0
2004  3 14  0  0
2004  3 15  0  0
2004  3 16  0  0
2004  3 17  0  0
2004  3 18  0  0
2004  3 19  0  0
2004  3 20  0  0
2004  3 21  0  0
2004  3 22  0  0
2004  3 23  0  0
2004  3 24  0  0
2004  3 25  0  0
2004  3 26  0  0
2004  3 27  0  0
2004  3 28  0  0
2004  3 29  0  0
2004  3 30  0  0
2004  3 31  0  0
2004  4  1  0  0
2004  4  2  0  0
2004  4  3  0  0
2004  4  4  0  0
2004  4  5  0  0
2004  4  6  0  0
2004  4  7  0  0
2004  4  8  0  0
2004  4  9  0  0
2004  4 10  0  0
2004  4 11  0  0
2004  4 12  0  0
2004  4 13  0  0
2004  4 14  0  0
2004  4 15  0  0
2004  4 16  0  0
2004  4 17  0  0
2004  4 18  0  0
2004  4 19  0  0
2004  4 20  0  0
2004  4 21  0  0
2004  4 22  0  0
2004  4 23  0  0
2004  4 24  0  0
2004  4 25  0  0
2004  4 26  0  0
2004  4 27  0  0
2004  4 28  0  0
2004  4 29  0  0
2004  4 30  0  0
2004  5  1  0  0
2004  5  2  0  0
2004  5  3  0  0
2004  5  4  0  0
2004  5  5  0  0
2004  5  6  0  0
2004  5  7  0  0
2004  5  8  0  0
2004  5  9  0  0
2004  5 10  0  0
2004  5 11  0  0
2004  5 12  0  0
2004  5 13  0  0
2004  5 14  0  0
2004  5 15  0  0
2004  5 16  0  0
2004  5 17  0  0
2004  5 18  0  0
2004  5 19  0  0
2004  5 20  0  0
2004  5 21  0  0
2004  5 22  0  0
2004  5 23  0  0
2004  5 24  0  0
2004  5 25  0  0
2004  5 26  0  0
2004  5 27  0  0
2004  5 28  0  0
2004  5 29  0  0
2004  5 30  0  0
2004  5 31  0  0
2004  6  1  0  0
2004  6  2  0  0
2004  6  3  0  0
2004  6  4  0  0
2004  6  5  0  0
2004  6  6  0  0
2004  6  7  0  0
2004  6  8  0  0
2004  6  9  0  0
2004  6 10  0  0
2004  6 11  0  0
2004  6 12  0  0
2004  6 13  0  0
2004  6 14  0  0
2004  6 15  0  0
2004  6 16  0  0
2004  6 17  0  0
2004  6 18  0  0
2004  6 19  0  0
2004  6 20  0  0
2004  6 21  0  0
2004  6 22  0  0
2004  6 23  0  0
2004  6 24  0  0
2004  6 25  0  0
2004  6 26  0  0
2004  6 27  0  0
2004  6 28  0  0
2004  6 29  0  0
2004  6 30  0  0
2004  7  1  0  0
2004  7  2  0  0
2004  7  3  0  0
2004  7  4  0  0
2004  7  5  0  0
2004  7  6  0  0
2004  7  7  0  0
2004  7  8  0  0
2004  7  9  0  0
2004  7 10  0  0
2004  7 11  0  0
2004  7 12  0  0
2004  7 13  0  0
2004  7 14  0  0
2004  7 15  0  0
2004  7 16  0  0
2004  7 17  0  0
2004  7 18  0  0
2004  7 19  0  0
2004  7 20  0  0
2004  7 21  0  0
2004  7 22  0  0
2004  7 23  0  0
2004  7 24  0  0
2004  7 25  0  0
2004  7 26  0  0
2004  7 27  0  0
2004  7 28  0  0
2004  7 29  0  0
2004  7 30  0  0
2004  7 31  0  0
2004  8  1  0  0
2004  8  2  0  0
2004  8  3  0  0
2004  8  4  0  0
2004  8  5  0  0
2004  8  6  0  0
2004  8  7  0  0
2004  8  8  0  0
2004  8  9  0  0
2004  8 10  0  0
2004  8 11  0  0
2004  8 12  0  0
2004  8 13  0  0
2004  8 14  0  0
2004  8 15  0  0
2004  8 16  0  0
2004  8 17  0  0
2004  8 18  0  0
2004  8 19  0  0
2004  8 20  0  0
2004  8 21  0  0
2004  8 22  0  0
2004  8 23  0  0
2004  8 24  0  0
2004  8 25  0  0
2004  8 26  0  0
2004  8 27  0  0
2004  8 28  0  0
2004  8 29  0  0
2004  8 30  0  0
2004  8 31  0  0
2004  9  1  0  0
2004  9  2  0  0
2004  9  3  0  0
2004  9  4  0  0
2004  9  5  0  0
2004  9  6  0  0
2004  9  7  0  0
2004  9  8  0  0
2004  9  9  0  0
2004  9 10  0  0
2004  9 11  0  0
2004  9 12  0  0
2004  9 13  0  0
2004  9 14  0  0
2004  9 15  0  0
2004  9 16  0  0
2004  9 17  0  0
2004  9 18  0  0
2004  9 19  0  0
2004  9 20  0  0
2004  9 21  0  0
2004  9 22  0  0
2004  9 23  0  0
2004  9 24  0  0
2004  9 25  0  0
2004  9 26  0  0
2004  9 27  0  0
2004  9 28  0  0
2004  9 29  0  0
2004  9 30  0  0
2004 10  1  0  0
2004 10  2  0  0
2004 10  3  0  0
2004 10  4  0  0
2004 10  5  0  0
2004 10  6  0  0
2004 10  7  0  0
2004 10  8  0  0
2004 10  9  0  0
2004 10 10  0  0
2004 10 11  0  0
2004 10 12  0  0
2004 10 13  0  0
2004 10 14  0  0
2004 10 15  0  0
2004 10 16  0  0
2004 10 17  0  0
2004 10 18  0  0
2004 10 19  0  0
2004 10 20  0  0
2004 10 21  0  0
2004 10 22  0  0
2004 10 23  0  0
2004 10 24  0  0
2004 10 25  0  0
2004 10 26  0  0
2004 10 27  0  0
2004 10 28  0  0
2004 10 29  0  0
2004 10 30  0  0
2004 10 31  0  0
2004 11  1  0  0
2004 11  2  0  0
2004 11  3  0  0
2004 11  4  0  0
2004 11  5  0  0
2004 11  6  0  0
2004 11  7  0  0
2004 11  8  0  0
2004 11  9  0  0
2004 11 10  0  0
2004 11 11  0  0
2004 11 12  0  0
2004 11 13  0  0
2004 11 14  0  0
2004 11 15  0  0
2004 11 16  0  0
2004 11 17  0  0
2004 11 18  0  0
2004 11 19  0  0
2004 11 20  0  0
2004 11 21  0  0
2004 11 22  0  0
2004 11 23  0  0
2004 11 24  0  0
2004 11 25  0  0
2004 11 26  0  0
2004 11 27  0  0
2004 11 28  0  0
2004 11 29  0  0
2004 11 30  0  0
2004 12  1  0  0
2004 12  2  0  0
2004 12  3  0  0
2004 12  4  0  0
2004 12  5  0  0
2004 12  6  0  0
2004 12  7  0  0
2004 12  8  0  0
2004 12  9  0  0
2004 12 10  0  0
2004 12 11  0  0
2004 12 12  0  0
2004 12 13  0  0
2004 12 14  0  0
2004 12 15  0  0
2004 12 16  0  0
2004 12 17  0  0
2004 12 18  0  0
2004 12 19  0  0
2004 12 20  0  0
2004 12 21  0  0
2004 12 22  0  0
2004 12 23  0  0
2004 12 24  0  0
2004 12 25  0  0
2004 12 26  0  0
2004 12 27  0  0
2004 12 28  0  0
2004 12 29  0  0
2004 12 30  0  0
2004 12 31  0  0
2005  1  1  0  0
2005  1  2  0  0
2005  1  3  0  0
2005  1  4  0  0
2005  1  5  0  0
2005  1  6  0  0
2005  1  7  0  0
2005  1  8  0  0
2005  1  9  0  0
2005  1 10  0  0
2005  1 11  0  0
2005  1 12  0  0
2005  1 13  0  0
2005  1 14  0  0
2005  1 15  0  0
2005  1 16  0  0
2005  1 17  0  0
2005  1 18  0  0
2005  1 19  0  0
2005  1 20  0  0
2005  1 21  0  0
2005  1 22  0  0
2005  1 23  0  0
2005  1 24  0  0
2005  1 25  0  0
2005  1 26  0  0
2005  1 27  0  0
2005  1 28  0  0
2005  1 29  0  0
2005  1 30  0  0
2005  1 31  0  0
2005  2  1  0  0
2005  2  2  0  0
2005  2  3  0  0
2005  2  4  0  0
2005  2  5  0  0
2005  2  6  0  0
2005  2  7  0  0
2005  2  8  0  0
2005  2  9  0  0
2005  2 10  0  0
2005  2 11  0  0
2005  2 12  0  0
2005  2 13  0  0
2005  2 14  0  0
2005  2 15  0  0
2005  2 16  0  0
2005  2 17  0  0
2005  2 18  0  0
2005  2 19  0  0
2005  2 20  0  0
2005  2 21  0  0
2005  2 22  0  0
2005  2 23  0  0
2005  2 24  0  0
2005  2 25  0  0
2005  2 26  0  0
2005  2 27  0  0
2005  2 28  0  0
2005  3  1  0  0
2005  3  2  0  0
2005  3  3  0  0
2005  3  4  0  0
2005  3  5  0  0
2005  3  6  0  0
2005  3  7  0  0
2005  3  8  0  0
2005  3  9  0  0
2005  3 10  0  0
2005  3 11  0  0
2005  3 12  0  0
2005  3 13  0  0
2005  3 14  0  0
2005  3 15  0  0
2005  3 16  0  0
2005  3 17  0  0
2005  3 18  0  0
2005  3 19  0  0
2005  3 20  0  0
2005  3 21  0  0
2005  3 22  0  0
2005  3 23  0  0
2005  3 24  0  0
2005  3 25  0  0
2005  3 26  0  0
2005  3 27  0  0
2005  3 28  0  0
2005  3 29  0  0
2005  3 30  0  0
2005  3 31  0  0
2005  4  1  0  0
2005  4  2  0  0
2005  4  3  0  0
2005  4  4  0  0
2005  4  5  0  0
2005  4  6  0  0
2005  4  7  0  0
2005  4  8  0  0
2005  4  9  0  0
2005  4 10  0  0
2005  4 11  0  0
2005  4 12  0  0
2005  4 13  0  0
2005  4 14  0  0
2005  4 15  0  0
2005  4 16  0  0
2005  4 17  0  0
2005  4 18  0  0
2005  4 19  0  0
2005  4 20  0  0
2005  4 21  0  0
2005  4 22  0  0
2005  4 23  0  0
2005  4 24  0  0
2005  4 25  0  0
2005  4 26  0  0
2005  4 27  0  0
2005  4 28  0  0
2005  4 29  0  0
2005  4 30  0  0
2005  5  1  0  0
2005  5  2  0  0
2005  5  3  0  0
2005  5  4  0  0
2005  5  5  0  0
2005  5  6  0  0
2005  5  7  0  0
2005  5  8  0  0
2005  5  9  0  0
2005  5 10  0  0
2005  5 11  0  0
2005  5 12  0  0
2005  5 13  0  0
2005  5 14  0  0
2005  5 15  0  0
2005  5 16  0  0
2005  5 17  0  0
2005  5 18  0  0
2005  5 19  0  0
2005  5 20  0  0
2005  5 21  0  0
2005  5 22  0  0
2005  5 23  0  0
2005  5 24  0  0
2005  5 25  0  0
2005  5 26  0  0
2005  5 27  0  0
2005  5 28  0  0
2005  5 29  0  0
2005  5 30  0  0
2005  5 31  0  0
2005  6  1  0  0
2005  6  2  0  0
2005  6  3  0  0
2005  6  4  0  0
2005  6  5  0  0
2005  6  6  0  0
2005  6  7  0  0
2005  6  8  0  0
2005  6  9  0  0
2005  6 10  0  0
2005  6 11  0  0
2005  6 12  0  0
2005  6 13  0  0
2005  6 14  0  0
2005  6 15  0  0
2005  6 16  0  0
2005  6 17  0  0
2005  6 18  0  0
2005  6 19  0  0
2005  6 20  0  0
2005  6 21  0  0
2005  6 22  0  0
2005  6 23  0  0
2005  6 24  0  0
2005  6 25  0  0
2005  6 26  0  0
2005  6 27  0  0
2005  6 28  0  0
2005  6 29  0  0
2005  6 30  0  0
2005  7  1  0  0
2005  7  2  0  0
2005  7  3  0  0
2005  7  4  0  0
2005  7  5  0  0
2005  7  6  0  0
2005  7  7  0  0
2005  7  8  0  0
2005  7  9  0  0
2005  7 10  0  0
2005  7 11  0  0
2005  7 12  0  0
2005  7 13  0  0
2005  7 14  0  0
2005  7 15  0  0
2005  7 16  0  0
2005  7 17  0  0
2005  7 18  0  0
2005  7 19  0  0
2005  7 20  0  0
2005  7 21  0  0
2005  7 22  0  0
2005  7 23  0  0
2005  7 24  0  0
2005  7 25  0  0
2005  7 26  0  0
2005  7 27  0  0
2005  7 28  0  0
2005  7 29  0  0
2005  7 30  0  0
2005  7 31  0  0
2005  8  1  0  0
2005  8  2  0  0
2005  8  3  0  0
2005  8  4  0  0
2005  8  5  0  0
2005  8  6  0  0
2005  8  7  0  0
2005  8  8  0  0
2005  8  9  0  0
2005  8 10  0  0
2005  8 11  0  0
2005  8 12  0  0
2005  8 13  0  0
2005  8 14  0  0
2005  8 15  0  0
2005  8 16  0  0
2005  8 17  0  0
2005  8 18  0  0
2005  8 19  0  0
2005  8 20  0  0
2005  8 21  0  0
2005  8 22  0  0
2005  8 23  0  0
2005  8 24  0  0
2005  8 25  0  0
2005  8 26  0  0
2005  8 27  0  0
2005  8 28  0  0
2005  8 29  0  0
2005  8 30  0  0
2005  8 31  0  0
2005  9  1  0  0
2005  9  2  0  0
2005  9  3  0  0
2005  9  4  0  0
2005  9  5  0  0
2005  9  6  0  0
2005  9  7  0  0
2005  9  8  0  0
2005  9  9  0  0
2005  9 10  0  0
2005  9 11  0  0
2005  9 12  0  0
2005  9 13  0  0
2005  9 14  0  0
2005  9 15  0  0
2005  9 16  0  0
2005  9 17  0  0
2005  9 18  0  0
2005  9 19  0  0
2005  9 20  0  0
2005  9 21  0  0
2005  9 22  0  0
2005  9 23  0  0
2005  9 24  0  0
2005  9 25  0  0
2005  9 26  0  0
2005  9 27  0  0
2005  9 28  0  0
2005  9 29  0  0
2005  9 30  0  0
2005 10  1  0  0
2005 10  2  0  0
2005 10  3  0  0
2005 10  4  0  0
2005 10  5  0  0
2005 10  6  0  0
2005 10  7  0  0
2005 10  8  0  0
2005 10  9  0  0
2005 10 10  0  0
2005 10 11  0  0
2005 10 12  0  0
2005 10 13  0  0
2005 10 14  0  0
2005 10 15  0  0
2005 10 16  0  0
2005 10 17  0  0
2005 10 18  0  0
2005 10 19  0  0
2005 10 20  0  0
2005 10 21  0  0
2005 10 22  0  0
2005 10 23  0  0
2005 10 24  0  0
2005 10 25  0  0
2005 10 26  0  0
2005 10 27  0  0
2005 10 28  0  0
2005 10 29  0  0
2005 10 30  0  0
2005 10 31  0  0
2005 11  1  0  0
2005 11  2  0  0
2005 11  3  0  0
2005 11  4  0  0
2005 11  5  0  0
2005 11  6  0  0
2005 11  7  0  0
2005 11  8  0  0
2005 11  9  0  0
2005 11 10  0  0
2005 11 11  0  0
2005 11 12  0  0
2005 11 13  0  0
2005 11 14  0  0
2005 11 15  0  0
2005 11 16  0  0
2005 11 17  0  0
2005 11 18  0  0
2005 11 19  0  0
2005 11 20  0  0
2005 11 21  0  0
2005 11 22  0  0
2005 11 23  0  0
2005 11 24  0  0
2005 11 25  0  0
2005 11 26  0  0
2005 11 27  0  0
2005 11 28  0  0
2005 11 29  0  0
2005 11 30  0  0
2005 12  1  0  0
2005 12  2  0  0
2005 12  3  0  0
2005 12  4  0  0
2005 12  5  0  0
2005 12  6  0  0
2005 12  7  0  0
2005 12  8  0  0
2005 12  9  0  0
2005 12 10  0  0
2005 12 11  0  0
2005 12 12  0  0
2005 12 13  0  0
2005 12 14  0  0
2005 12 15  0  0
2005 12 16  0  0
2005 12 17  0  0
2005 12 18  0  0
2005 12 19  0  0
2005 12 20  0  0
2005 12 21  0  0
2005 12 22  0  0
2005 12 23  0  0
2005 12 24  0  0
2005 12 25  0  0
2005 12 26  0  0
2005 12 27  0  0
2005 12 28  0  0
2005 12 29  0  0
2005 12 30  0  0
2005 12 31  0  0
2006  1  1  0  0
2006  1  2  0  0
2006  1  3  0  0
2006  1  4  0  0
2006  1  5  0  0
2006  1  6  0  0
2006  1  7  0  0
2006  1  8  0  0
2006  1  9  0  0
2006  1 10  0  0
2006  1 11  0  0
2006  1 12  0  0
2006  1 13  0  0
2006  1 14  0  0
2006  1 15  0  0
2006  1 16  0  0
2006  1 17  0  0
2006  1 18  0  0
2006  1 19  0  0
2006  1 20  0  0
2006  1 21  0  0
2006  1 22  0  0
2006  1 23  0  0
2006  1 24  0  0
2006  1 25  0  0
2006  1 26  0  0
2006  1 27  0  0
2006  1 28  0  0
2006  1 29  0  0
2006  1 30  0  0
2006  1 31  0  0
2006  2  1  0  0
2006  2  2  0  0
2006  2  3  0  0
2006  2  4  0  0
2006  2  5  0  0
2006  2  6  0  0
2006  2  7  0  0
2006  2  8  0  0
2006  2  9  0  0
2006  2 10  0  0
2006  2 11  0  0
2006  2 12  0  0
2006  2 13  0  0
2006  2 14  0  0
2006  2 15  0  0
2006  2 16  0  0
2006  2 17  0  0
2006  2 18  0  0
2006  2 19  0  0
2006  2 20  0  0
2006  2 21  0  0
2006  2 22  0  0
2006  2 23  0  0
2006  2 24  0  0
2006  2 25  0  0
2006  2 26  0  0
2006  2 27  0  0
2006  2 28  0  0
2006  3  1  0  0
2006  3  2  0  0
2006  3  3  0  0
2006  3  4  0  0
2006  3  5  0  0
2006  3  6  0  0
2006  3  7  0  0
2006  3  8  0  0
2006  3  9  0  0
2006  3 10  0  0
2006  3 11  0  0
2006  3 12  0  0
2006  3 13  0  0
2006  3 14  0  0
2006  3 15  0  0
2006  3 16  0  0
2006  3 17  0  0
2006  3 18  0  0
2006  3 19  0  0
2006  3 20  0  0
2006  3 21  0  0
2006  3 22  0  0
2006  3 23  0  0
2006  3 24  0  0
2006  3 25  0  0
2006  3 26  0  0
2006  3 27  0  0
2006  3 28  0  0
2006  3 29  0  0
2006  3 30  0  0
2006  3 31  0  0
2006  4  1  0  0
2006  4  2  0  0
2006  4  3  0  0
2006  4  4  0  0
2006  4  5  0  0
2006  4  6  0  0
2006  4  7  0  0
2006  4  8  0  0
2006  4  9  0  0
2006  4 10  0  0
2006  4 11  0  0
2006  4 12  0  0
2006  4 13  0  0
2006  4 14  0  0
2006  4 15  0  0
2006  4 16  0  0
2006  4 17  0  0
2006  4 18  0  0
2006  4 19  0  0
2006  4 20  0  0
2006  4 21  0  0
2006  4 22  0  0
2006  4 23  0  0
2006  4 24  0  0
2006  4 25  0  0
2006  4 26  0  0
2006  4 27  0  0
2006  4 28  0  0
2006  4 29  0  0
2006  4 30  0  0
2006  5  1  0  0
2006  5  2  0  0
2006  5  3  0  0
2006  5  4  0  0
2006  5  5  0  0
2006  5  6  0  0
2006  5  7  0  0
2006  5  8  0  0
2006  5  9  0  0
2006  5 10  0  0
2006  5 11  0  0
2006  5 12  0  0
2006  5 13  0  0
2006  5 14  0  0
2006  5 15  0  0
2006  5 16  0  0
2006  5 17  0  0
2006  5 18  0  0
2006  5 19  0  0
2006  5 20  0  0
2006  5 21  0  0
2006  5 22  0  0
2006  5 23  0  0
2006  5 24  0  0
2006  5 25  0  0
2006  5 26  0  0
2006  5 27  0  0
2006  5 28  0  0
2006  5 29  0  0
2006  5 30  0  0
2006  5 31  0  0
2006  6  1  0  0
2006  6  2  0  0
2006  6  3  0  0
2006  6  4  0  0
2006  6  5  0  0
2006  6  6  0  0
2006  6  7  0  0
2006  6  8  0  0
2006  6  9  0  0
2006  6 10  0  0
2006  6 11  0  0
2006  6 12  0  0
2006  6 13  0  0
2006  6 14  0  0
2006  6 15  0  0
2006  6 16  0  0
2006  6 17  0  0
2006  6 18  0  0
2006  6 19  0  0
2006  6 20  0  0
2006  6 21  0  0
2006  6 22  0  0
2006  6 23  0  0
2006  6 24  0  0
2006  6 25  0  0
2006  6 26  0  0
2006  6 27  0  0
2006  6 28  0  0
2006  6 29  0  0
2006  6 30  0  0
2006  7  1  0  0
2006  7  2  0  0
2006  7  3  0  0
2006  7  4  0  0
2006  7  5  0  0
2006  7  6  0  0
2006  7  7  0  0
2006  7  8  0  0
2006  7  9  0  0
2006  7 10  0  0
2006  7 11  0  0
2006  7 12  0  0
2006  7 13  0  0
2006  7 14  0  0
2006  7 15  0  0
2006  7 16  0  0
2006  7 17  0  0
2006  7 18  0  0
2006  7 19  0  0
2006  7 20  0  0
2006  7 21  0  0
2006  7 22  0  0
2006  7 23  0  0
2006  7 24  0  0
2006  7 25  0  0
2006  7 26  0  0
2006  7 27  0  0
2006  7 28  0  0
2006  7 29  0  0
2006  7 30  0  0
2006  7 31  0  0
2006  8  1  0  0
2006  8  2  0  0
2006  8  3  0  0
2006  8  4  0  0
2006  8  5  0  0
2006  8  6  0  0
2006  8  7  0  0
2006  8  8  0  0
2006  8  9  0  0
2006  8 10  0  0
2006  8 11  0  0
2006  8 12  0  0
2006  8 13  0  0
2006  8 14  0  0
2006  8 15  0  0
2006  8 16  0  0
2006  8 17  0  0
2006  8 18  0  0
2006  8 19  0  0
2006  8 20  0  0
2006  8 21  0  0
2006  8 22  0  0
2006  8 23  0  0
2006  8 24  0  0
2006  8 25  0  0
2006  8 26  0  0
2006  8 27  0  0
2006  8 28  0  0
2006  8 29  0  0
2006  8 30  0  0
2006  8 31  0  0
2006  9  1  0  0
2006  9  2  0  0
2006  9  3  0  0
2006  9  4  0  0
2006  9  5  0  0
2006  9  6  0  0
2006  9  7  0  0
2006  9  8  0  0
2006  9  9  0  0
2006  9 10  0  0
2006  9 11  0  0
2006  9 12  0  0
2006  9 13  0  0
2006  9 14  0  0
2006  9 15  0  0
2006  9 16  0  0
2006  9 17  0  0
2006  9 18  0  0
2006  9 19  0  0
2006  9 20  0  0
2006  9 21  0  0
2006  9 22  0  0
2006  9 23  0  0
2006  9 24  0  0
2006  9 25  0  0
2006  9 26  0  0
2006  9 27  0  0
2006  9 28  0  0
2006  9 29  0  0
2006  9 30  0  0
2006 10  1  0  0
2006 10  2  0  0
2006 10  3  0  0
2006 10  4  0  0
2006 10  5  0  0
2006 10  6  0  0
2006 10  7  0  0
2006 10  8  0  0
2006 10  9  0  0
2006 10 10  0  0
2006 10 11  0  0
2006 10 12  0  0
2006 10 13  0  0
2006 10 14  0  0
2006 10 15  0  0
2006 10 16  0  0
2006 10 17  0  0
2006 10 18  0  0
2006 10 19  0  0
2006 10 20  0  0
2006 10 21  0  0
2006 10 22  0  0
2006 10 23  0  0
2006 10 24  0  0
2006 10 25  0  0
2006 10 26  0  0
2006 10 27  0  0
2006 10 28  0  0
2006 10 29  0  0
2006 10 30  0  0
2006 10 31  0  0
2006 11  1  0  0
2006 11  2  0  0
2006 11  3  0  0
2006 11  4  0  0
2006 11  5  0  0
2006 11  6  0  0
2006 11  7  0  0
2006 11  8  0  0
2006 11  9  0  0
2006 11 10  0  0
2006 11 11  0  0
2006 11 12  0  0
2006 11 13  0  0
2006 11 14  0  0
2006 11 15  0  0
2006 11 16  0  0
2006 11 17  0  0
2006 11 18  0  0
2006 11 19  0  0
2006 11 20  0  0
2006 11 21  0  0
2006 11 22  0  0
2006 11 23  0  0
2006 11 24  0  0
2006 11 25  0  0
2006 11 26  0  0
2006 11 27  0  0
2006 11 28  0  0
2006 11 29  0  0
2006 11 30  0  0
2006 12  1  0  0
2006 12  2  0  0
2006 12  3  0  0
2006 12  4  0  0
2006 12  5  0  0
2006 12  6  0  0
2006 12  7  0  0
2006 12  8  0  0
2006 12  9  0  0
2006 12 10  0  0
2006 12 11  0  0
2006 12 12  0  0
2006 12 13  0  0
2006 12 14  0  0
2006 12 15  0  0
2006 12 16  0  0
2006 12 17  0  0
2006 12 18  0  0
2006 12 19  0  0
2006 12 20  0  0
2006 12 21  0  0
2006 12 22  0  0
2006 12 23  0  0
2006 12 24  0  0
2006 12 25  0  0
2006 12 26  0  0
2006 12 27  0  0
2006 12 28  0  0
2006 12 29  0  0
2006 12 30  0  0
2006 12 31  0  0
2007  1  1  0  0
2007  1  2  0  0
2007  1  3  0  0
2007  1  4  0  0
2007  1  5  0  0
2007  1  6  0  0
2007  1  7  0  0
2007  1  8  0  0
2007  1  9  0  0
2007  1 10  0  0
2007  1 11  0  0
2007  1 12  0  0
2007  1 13  0  0
2007  1 14  0  0
2007  1 15  0  0
2007  1 16  0  0
2007  1 17  0  0
2007  1 18  0  0
2007  1 19  0  0
2007  1 20  0  0
2007  1 21  0  0
2007  1 22  0  0
2007  1 23  0  0
2007  1 24  0  0
2007  1 25  0  0
2007  1 26  0  0
2007  1 27  0  0
2007  1 28  0  0
2007  1 29  0  0
2007  1 30  0  0
2007  1 31  0  0
2007  2  1  0  0
2007  2  2  0  0
2007  2  3  0  0
2007  2  4  0  0
2007  2  5  0  0
2007  2  6  0  0
2007  2  7  0  0
2007  2  8  0  0
2007  2  9  0  0
2007  2 10  0  0
2007  2 11  0  0
2007  2 12  0  0
2007  2 13  0  0
2007  2 14  0  0
2007  2 15  0  0
2007  2 16  0  0
2007  2 17  0  0
2007  2 18  0  0
2007  2 19  0  0
2007  2 20  0  0
2007  2 21  0  0
2007  2 22  0  0
2007  2 23  0  0
2007  2 24  0  0
2007  2 25  0  0
2007  2 26  0  0
2007  2 27  0  0
2007  2 28  0  0
2007  3  1  0  0
2007  3  2  0  0
2007  3  3  0  0
2007  3  4  0  0
2007  3  5  0  0
2007  3  6  0  0
2007  3  7  0  0
2007  3  8  0  0
2007  3  9  0  0
2007  3 10  0  0
2007  3 11  0  0
2007  3 12  0  0
2007  3 13  0  0
2007  3 14  0  0
2007  3 15  0  0
2007  3 16  0  0
2007  3 17  0  0
2007  3 18  0  0
2007  3 19  0  0
2007  3 20  0  0
2007  3 21  0  0
2007  3 22  0  0
2007  3 23  0  0
2007  3 24  0  0
2007  3 25  0  0
2007  3 26  0  0
2007  3 27  0  0
2007  3 28  0  0
2007  3 29  0  0
2007  3 30  0  0
2007  3 31  0  0
2007  4  1  0  0
2007  4  2  0  0
2007  4  3  0  0
2007  4  4  0  0
2007  4  5  0  0
2007  4  6  0  0
2007  4  7  0  0
2007  4  8  0  0
2007  4  9  0  0
2007  4 10  0  0
2007  4 11  0  0
2007  4 12  0  0
2007  4 13  0  0
2007  4 14  0  0
2007  4 15  0  0
2007  4 16  0  0
2007  4 17  0  0
2007  4 18  0  0
2007  4 19  0  0
2007  4 20  0  0
2007  4 21  0  0
2007  4 22  0  0
2007  4 23  0  0
2007  4 24  0  0
2007  4 25  0  0
2007  4 26  0  0
2007  4 27  0  0
2007  4 28  0  0
2007  4 29  0  0
2007  4 30  0  0
2007  5  1  0  0
2007  5  2  0  0
2007  5  3  0  0
2007  5  4  0  0
2007  5  5  0  0
2007  5  6  0  0
2007  5  7  0  0
2007  5  8  0  0
2007  5  9  0  0
2007  5 10  0  0
2007  5 11  0  0
2007  5 12  0  0
2007  5 13  0  0
2007  5 14  0  0
2007  5 15  0  0
2007  5 16  0  0
2007  5 17  0  0
2007  5 18  0  0
2007  5 19  0  0
2007  5 20  0  0
2007  5 21  0  0
2007  5 22  0  0
2007  5 23  0  0
2007  5 24  0  0
2007  5 25  0  0
2007  5 26  0  0
2007  5 27  0  0
2007  5 28  0  0
2007  5 29  0  0
2007  5 30  0  0
2007  5 31  0  0
2007  6  1  0  0
2007  6  2  0  0
2007  6  3  0  0
2007  6  4  0  0
2007  6  5  0  0
2007  6  6  0  0
2007  6  7  0  0
2007  6  8  0  0
2007  6  9  0  0
2007  6 10  0  0
2007  6 11  0  0
2007  6 12  0  0
2007  6 13  0  0
2007  6 14  0  0
2007  6 15  0  0
2007  6 16  0  0
2007  6 17  0  0
2007  6 18  0  0
2007  6 19  0  0
2007  6 20  0  0
2007  6 21  0  0
2007  6 22  0  0
2007  6 23  0  0
2007  6 24  0  0
2007  6 25  0  0
2007  6 26  0  0
2007  6 27  0  0
2007  6 28  0  0
2007  6 29  0  0
2007  6 30  0  0
2007  7  1  0  0
2007  7  2  0  0
2007  7  3  0  0
2007  7  4  0  0
2007  7  5  0  0
2007  7  6  0  0
2007  7  7  0  0
2007  7  8  0  0
2007  7  9  0  0
2007  7 10  0  0
2007  7 11  0  0
2007  7 12  0  0
2007  7 13  0  0
2007  7 14  0  0
2007  7 15  0  0
2007  7 16  0  0
2007  7 17  0  0
2007  7 18  0  0
2007  7 19  0  0
2007  7 20  0  0
2007  7 21  0  0
2007  7 22  0  0
2007  7 23  0  0
2007  7 24  0  0
2007  7 25  0  0
2007  7 26  0  0
2007  7 27  0  0
2007  7 28  0  0
2007  7 29  0  0
2007  7 30  0  0
2007  7 31  0  0
2007  8  1  0  0
2007  8  2  0  0
2007  8  3  0  0
2007  8  4  0  0
2007  8  5  0  0
2007  8  6  0  0
2007  8  7  0  0
2007  8  8  0  0
2007  8  9  0  0
2007  8 10  0  0
2007  8 11  0  0
2007  8 12  0  0
2007  8 13  0  0
2007  8 14  0  0
2007  8 15  0  0
2007  8 16  0  0
2007  8 17  0  0
2007  8 18  0  0
2007  8 19  0  0
2007  8 20  0  0
2007  8 21  0  0
2007  8 22  0  0
2007  8 23  0  0
2007  8 24  0  0
2007  8 25  0  0
2007  8 26  0  0
2007  8 27  0  0
2007  8 28  0  0
2007  8 29  0  0
2007  8 30  0  0
2007  8 31  0  0
2007  9  1  0  0
2007  9  2  0  0
2007  9  3  0  0
2007  9  4  0  0
2007  9  5  0  0
2007  9  6  0  0
2007  9  7  0  0
2007  9  8  0  0
2007  9  9  0  0
2007  9 10  0  0
2007  9 11  0  0
2007  9 12  0  0
2007  9 13  0  0
2007  9 14  0  0
2007  9 15  0  0
2007  9 16  0  0
2007  9 17  0  0
2007  9 18  0  0
2007  9 19  0  0
2007  9 20  0  0
2007  9 21  0  0
2007  9 22  0  0
2007  9 23  0  0
2007  9 24  0  0
2007  9 25  0  0
2007  9 26  0  0
2007  9 27  0  0
2007  9 28  0  0
2007  9 29  0  0
2007  9 30  0  0
2007 10  1  0  0
2007 10  2  0  0
2007 10  3  0  0
2007 10  4  0  0
2007 10  5  0  0
2007 10  6  0  0
2007 10  7  0  0
2007 10  8  0  0
2007 10  9  0  0
2007 10 10  0  0
2007 10 11  0  0
2007 10 12  0  0
2007 10 13  0  0
2007 10 14  0  0
2007 10 15  0  0
2007 10 16  0  0
2007 10 17  0  0
2007 10 18  0  0
2007 10 19  0  0
2007 10 20  0  0
2007 10 21  0  0
2007 10 22  0  0
2007 10 23  0  0
2007 10 24  0  0
2007 10 25  0  0
2007 10 26  0  0
2007 10 27  0  0
2007 10 28  0  0
2007 10 29  0  0
2007 10 30  0  0
2007 10 31  0  0
2007 11  1  0  0
2007 11  2  0  0
2007 11  3  0  0
2007 11  4  0  0
2007 11  5  0  0
2007 11  6  0  0
2007 11  7  0  0
2007 11  8  0  0
2007 11  9  0  0
2007 11 10  0  0
2007 11 11  0  0
2007 11 12  0  0
2007 11 13  0  0
2007 11 14  0  0
2007 11 15  0  0
2007 11 16  0  0
2007 11 17  0  0
2007 11 18  0  0
2007 11 19  0  0
2007 11 20  0  0
2007 11 21  0  0
2007 11 22  0  0
2007 11 23  0  0
2007 11 24  0  0
2007 11 25  0  0
2007 11 26  0  0
2007 11 27  0  0
2007 11 28  0  0
2007 11 29  0  0
2007 11 30  0  0
2007 12  1  0  0
2007 12  2  0  0
2007 12  3  0  0
2007 12  4  0  0
2007 12  5  0  0
2007 12  6  0  0
2007 12  7  0  0
2007 12  8  0  0
2007 12  9  0  0
2007 12 10  0  0
2007 12 11  0  0
2007 12 12  0  0
2007 12 13  0  0
2007 12 14  0  0
2007 12 15  0  0
2007 12 16  0  0
2007 12 17  0  0
2007 12 18  0  0
2007 12 19  0  0
2007 12 20  0  0
2007 12 21  0  0
2007 12 22  0  0
2007 12 23  0  0
2007 12 24  0  0
2007 12 25  0  0
2007 12 26  0  0
2007 12 27  0  0
2007 12 28  0  0
2007 12 29  0  0
2007 12 30  0  0
2007 12 31  0  0
2008  1  1  0  0
2008  1  2  0  0
2008  1  3  0  0
2008  1  4  0  0
2008  1  5  0  0
2008  1  6  0  0
2008  1  7  0  0
2008  1  8  0  0
2008  1  9  0  0
2008  1 10  0  0
2008  1 11  0  0
2008  1 12  0  0
2008  1 13  0  0
2008  1 14  0  0
2008  1 15  0  0
2008  1 16  0  0
2008  1 17  0  0
2008  1 18  0  0
2008  1 19  0  0
2008  1 20  0  0
2008  1 21  0  0
2008  1 22  0  0
2008  1 23  0  0
2008  1 24  0  0
2008  1 25  0  0
2008  1 26  0  0
2008  1 27  0  0
2008  1 28  0  0
2008  1 29  0  0
2008  1 30  0  0
2008  1 31  0  0
2008  2  1  0  0
2008  2  2  0  0
2008  2  3  0  0
2008  2  4  0  0
2008  2  5  0  0
2008  2  6  0  0
2008  2  7  0  0
2008  2  8  0  0
2008  2  9  0  0
2008  2 10  0  0
2008  2 11  0  0
2008  2 12  0  0
2008  2 13  0  0
2008  2 14  0  0
2008  2 15  0  0
2008  2 16  0  0
2008  2 17  0  0
2008  2 18  0  0
2008  2 19  0  0
2008  2 20  0  0
2008  2 21  0  0
2008  2 22  0  0
2008  2 23  0  0
2008  2 24  0  0
2008  2 25  0  0
2008  2 26  0  0
2008  2 27  0  0
2008  2 28  0  0
2008  2 29  0  0
2008  3  1  0  0
2008  3  2  0  0
2008  3  3  0  0
2008  3  4  0  0
2008  3  5  0  0
2008  3  6  0  0
2008  3  7  0  0
2008  3  8  0  0
2008  3  9  0  0
2008  3 10  0  0
2008  3 11  0  0
2008  3 12  0  0
2008  3 13  0  0
2008  3 14  0  0
2008  3 15  0  0
2008  3 16  0  0
2008  3 17  0  0
2008  3 18  0  0
2008  3 19  0  0
2008  3 20  0  0
2008  3 21  0  0
2008  3 22  0  0
2008  3 23  0  0
2008  3 24  0  0
2008  3 25  0  0
2008  3 26  0  0
2008  3 27  0  0
2008  3 28  0  0
2008  3 29  0  0
2008  3 30  0  0
2008  3 31  0  0
2008  4  1  0  0
2008  4  2  0  0
2008  4  3  0  0
2008  4  4  0  0
2008  4  5  0  0
2008  4  6  0  0
2008  4  7  0  0
2008  4  8  0  0
2008  4  9  0  0
2008  4 10  0  0
2008  4 11  0  0
2008  4 12  0  0
2008  4 13  0  0
2008  4 14  0  0
2008  4 15  0  0
2008  4 16  0  0
2008  4 17  0  0
2008  4 18  0  0
2008  4 19  0  0
2008  4 20  0  0
2008  4 21  0  0
2008  4 22  0  0
2008  4 23  0  0
2008  4 24  0  0
2008  4 25  0  0
2008  4 26  0  0
2008  4 27  0  0
2008  4 28  0  0
2008  4 29  0  0
2008  4 30  0  0
2008  5  1  0  0
2008  5  2  0  0
2008  5  3  0  0
2008  5  4  0  0
2008  5  5  0  0
2008  5  6  0  0
2008  5  7  0  0
2008  5  8  0  0
2008  5  9  0  0
2008  5 10  0  0
2008  5 11  0  0
2008  5 12  0  0
2008  5 13  0  0
2008  5 14  0  0
2008  5 15  0  0
2008  5 16  0  0
2008  5 17  0  0
2008  5 18  0  0
2008  5 19  0  0
2008  5 20  0  0
2008  5 21  0  0
2008  5 22  0  0
2008  5 23  0  0
2008  5 24  0  0
2008  5 25  0  0
2008  5 26  0  0
2008  5 27  0  0
2008  5 28  0  0
2008  5 29  0  0
2008  5 30  0  0
2008  5 31  0  0
2008  6  1  0  0
2008  6  2  0  0
2008  6  3  0  0
2008  6  4  0  0
2008  6  5  0  0
2008  6  6  0  0
2008  6  7  0  0
2008  6  8  0  0
2008  6  9  0  0
2008  6 10  0  0
2008  6 11  0  0
2008  6 12  0  0
2008  6 13  0  0
2008  6 14  0  0
2008  6 15  0  0
2008  6 16  0  0
2008  6 17  0  0
2008  6 18  0  0
2008  6 19  0  0
2008  6 20  0  0
2008  6 21  0  0
2008  6 22  0  0
2008  6 23  0  0
2008  6 24  0  0
2008  6 25  0  0
2008  6 26  0  0
2008  6 27  0  0
2008  6 28  0  0
2008  6 29  0  0
2008  6 30  0  0
2008  7  1  0  0
2008  7  2  0  0
2008  7  3  0  0
2008  7  4  0  0
2008  7  5  0  0
2008  7  6  0  0
2008  7  7  0  0
2008  7  8  0  0
2008  7  9  0  0
2008  7 10  0  0
2008  7 11  0  0
2008  7 12  0  0
2008  7 13  0  0
2008  7 14  0  0
2008  7 15  0  0
2008  7 16  0  0
2008  7 17  0  0
2008  7 18  0  0
2008  7 19  0  0
2008  7 20  0  0
2008  7 21  0  0
2008  7 22  0  0
2008  7 23  0  0
2008  7 24  0  0
2008  7 25  0  0
2008  7 26  0  0
2008  7 27  0  0
2008  7 28  0  0
2008  7 29  0  0
2008  7 30  0  0
2008  7 31  0  0
2008  8  1  0  0
2008  8  2  0  0
2008  8  3  0  0
2008  8  4  0  0
2008  8  5  0  0
2008  8  6  0  0
2008  8  7  0  0
2008  8  8  0  0
2008  8  9  0  0
2008  8 10  0  0
2008  8 11  0  0
2008  8 12  0  0
2008  8 13  0  0
2008  8 14  0  0
2008  8 15  0  0
2008  8 16  0  0
2008  8 17  0  0
2008  8 18  0  0
2008  8 19  0  0
2008  8 20  0  0
2008  8 21  0  0
2008  8 22  0  0
2008  8 23  0  0
2008  8 24  0  0
2008  8 25  0  0
2008  8 26  0  0
2008  8 27  0  0
2008  8 28  0  0
2008  8 29  0  0
2008  8 30  0  0
2008  8 31  0  0
2008  9  1  0  0
2008  9  2  0  0
2008  9  3  0  0
2008  9  4  0  0
2008  9  5  0  0
2008  9  6  0  0
2008  9  7  0  0
2008  9  8  0  0
2008  9  9  0  0
2008  9 10  0  0
2008  9 11  0  0
2008  9 12  0  0
2008  9 13  0  0
2008  9 14  0  0
2008  9 15  0  0
2008  9 16  0  0
2008  9 17  0  0
2008  9 18  0  0
2008  9 19  0  0
2008  9 20  0  0
2008  9 21  0  0
2008  9 22  0  0
2008  9 23  0  0
2008  9 24  0  0
2008  9 25  0  0
2008  9 26  0  0
2008  9 27  0  0
2008  9 28  0  0
2008  9 29  0  0
2008  9 30  0  0
2008 10  1  0  0
2008 10  2  0  0
2008 10  3  0  0
2008 10  4  0  0
2008 10  5  0  0
2008 10  6  0  0
2008 10  7  0  0
2008 10  8  0  0
2008 10  9  0  0
2008 10 10  0  0
2008 10 11  0  0
2008 10 12  0  0
2008 10 13  0  0
2008 10 14  0  0
2008 10 15  0  0
2008 10 16  0  0
2008 10 17  0  0
2008 10 18  0  0
2008 10 19  0  0
2008 10 20  0  0
2008 10 21  0  0
2008 10 22  0  0
2008 10 23  0  0
2008 10 24  0  0
2008 10 25  0  0
2008 10 26  0  0
2008 10 27  0  0
2008 10 28  0  0
2008 10 29  0  0
2008 10 30  0  0
2008 10 31  0  0
2008 11  1  0  0
2008 11  2  0  0
2008 11  3  0  0
2008 11  4  0  0
2008 11  5  0  0
2008 11  6  0  0
2008 11  7  0  0
2008 11  8  0  0
2008 11  9  0  0
2008 11 10  0  0
2008 11 11  0  0
2008 11 12  0  0
2008 11 13  0  0
2008 11 14  0  0
2008 11 15  0  0
2008 11 16  0  0
2008 11 17  0  0
2008 11 18  0  0
2008 11 19  0  0
2008 11 20  0  0
2008 11 21  0  0
2008 11 22  0  0
2008 11 23  0  0
2008 11 24  0  0
2008 11 25  0  0
2008 11 26  0  0
2008 11 27  0  0
2008 11 28  0  0
2008 11 29  0  0
2008 11 30  0  0
2008 12  1  0  0
2008 12  2  0  0
2008 12  3  0  0
2008 12  4  0  0
2008 12  5  0  0
2008 12  6  0  0
2008 12  7  0  0
2008 12  8  0  0
2008 12  9  0  0
2008 12 10  0  0
2008 12 11  0  0
2008 12 12  0  0
2008 12 13  0  0
2008 12 14  0  0
2008 12 15  0  0
2008 12 16  0  0
2008 12 17  0  0
2008 12 18  0  0
2008 12 19  0  0
2008 12 20  0  0
2008 12 21  0  0
2008 12 22  0  0
2008 12 23  0  0
2008 12 24  0  0
2008 12 25  0  0
2008 12 26  0  0
2008 12 27  0  0
2008 12 28  0  0
2008 12 29  0  0
2008 12 30  0  0
2008 12 31  0  0
2009  1  1  0  0
2009  1  2  0  0
2009  1  3  0  0
2009  1  4  0  0
2009  1  5  0  0
2009  1  6  0  0
2009  1  7  0  0
2009  1  8  0  0
2009  1  9  0  0
2009  1 10  0  0
2009  1 11  0  0
2009  1 12  0  0
2009  1 13  0  0
2009  1 14  0  0
2009  1 15  0  0
2009  1 16  0  0
2009  1 17  0  0
2009  1 18  0  0
2009  1 19  0  0
2009  1 20  0  0
2009  1 21  0  0
2009  1 22  0  0
2009  1 23  0  0
2009  1 24  0  0
2009  1 25  0  0
2009  1 26  0  0
2009  1 27  0  0
2009  1 28  0  0
2009  1 29  0  0
2009  1 30  0  0
2009  1 31  0  0
2009  2  1  0  0
2009  2  2  0  0
2009  2  3  0  0
2009  2  4  0  0
2009  2  5  0  0
2009  2  6  0  0
2009  2  7  0  0
2009  2  8  0  0
2009  2  9  0  0
2009  2 10  0  0
2009  2 11  0  0
2009  2 12  0  0
2009  2 13  0  0
2009  2 14  0  0
2009  2 15  0  0
2009  2 16  0  0
2009  2 17  0  0
2009  2 18  0  0
2009  2 19  0  0
2009  2 20  0  0
2009  2 21  0  0
2009  2 22  0  0
2009  2 23  0  0
2009  2 24  0  0
2009  2 25  0  0
2009  2 26  0  0
2009  2 27  0  0
2009  2 28  0  0
2009  3  1  0  0
2009  3  2  0  0
2009  3  3  0  0
2009  3  4  0  0
2009  3  5  0  0
2009  3  6  0  0
2009  3  7  0  0
2009  3  8  0  0
2009  3  9  0  0
2009  3 10  0  0
2009  3 11  0  0
2009  3 12  0  0
2009  3 13  0  0
2009  3 14  0  0
2009  3 15  0  0
2009  3 16  0  0
2009  3 17  0  0
2009  3 18  0  0
2009  3 19  0  0
2009  3 20  0  0
2009  3 21  0  0
2009  3 22  0  0
2009  3 23  0  0
2009  3 24  0  0
2009  3 25  0  0
2009  3 26  0  0
2009  3 27  0  0
2009  3 28  0  0
2009  3 29  0  0
2009  3 30  0  0
2009  3 31  0  0
2009  4  1  0  0
2009  4  2  0  0
2009  4  3  0  0
2009  4  4  0  0
2009  4  5  0  0
2009  4  6  0  0
2009  4  7  0  0
2009  4  8  0  0
2009  4  9  0  0
2009  4 10  0  0
2009  4 11  0  0
2009  4 12  0  0
2009  4 13  0  0
2009  4 14  0  0
2009  4 15  0  0
2009  4 16  0  0
2009  4 17  0  0
2009  4 18  0  0
2009  4 19  0  0
2009  4 20  0  0
2009  4 21  0  0
2009  4 22  0  0
2009  4 23  0  0
2009  4 24  0  0
2009  4 25  0  0
2009  4 26  0  0
2009  4 27  0  0
2009  4 28  0  0
2009  4 29  0  0
2009  4 30  0  0
2009  5  1  0  0
2009  5  2  0  0
2009  5  3  0  0
2009  5  4  0  0
2009  5  5  0  0
2009  5  6  0  0
2009  5  7  0  0
2009  5  8  0  0
2009  5  9  0  0
2009  5 10  0  0
2009  5 11  0  0
2009  5 12  0  0
2009  5 13  0  0
2009  5 14  0  0
2009  5 15  0  0
2009  5 16  0  0
2009  5 17  0  0
2009  5 18  0  0
2009  5 19  0  0
2009  5 20  0  0
2009  5 21  0  0
2009  5 22  0  0
2009  5 23  0  0
2009  5 24  0  0
2009  5 25  0  0
2009  5 26  0  0
2009  5 27  0  0
2009  5 28  0  0
2009  5 29  0  0
2009  5 30  0  0
2009  5 31  0  0
2009  6  1  0  0
2009  6  2  0  0
2009  6  3  0  0
2009  6  4  0  0
2009  6  5  0  0
2009  6  6  0  0
2009  6  7  0  0
2009  6  8  0  0
2009  6  9  0  0
2009  6 10  0  0
2009  6 11  0  0
2009  6 12  0  0
2009  6 13  0  0
2009  6 14  0  0
2009  6 15  0  0
2009  6 16  0  0
2009  6 17  0  0
2009  6 18  0  0
2009  6 19  0  0
2009  6 20  0  0
2009  6 21  0  0
2009  6 22  0  0
2009  6 23  0  0
2009  6 24  0  0
2009  6 25  0  0
2009  6 26  0  0
2009  6 27  0  0
2009  6 28  0  0
2009  6 29  0  0
2009  6 30  0  0
2009  7  1  0  0
2009  7  2  0  0
2009  7  3  0  0
2009  7  4  0  0
2009  7  5  0  0
2009  7  6  0  0
2009  7  7  0  0
2009  7  8  0  0
2009  7  9  0  0
2009  7 10  0  0
2009  7 11  0  0
2009  7 12  0  0
2009  7 13  0  0
2009  7 14  0  0
2009  7 15  0  0
2009  7 16  0  0
2009  7 17  0  0
2009  7 18  0  0
2009  7 19  0  0
2009  7 20  0  0
2009  7 21  0  0
2009  7 22  0  0
2009  7 23  0  0
2009  7 24  0  0
2009  7 25  0  0
2009  7 26  0  0
2009  7 27  0  0
2009  7 28  0  0
2009  7 29  0  0
2009  7 30  0  0
2009  7 31  0  0
2009  8  1  0  0
2009  8  2  0  0
2009  8  3  0  0
2009  8  4  0  0
2009  8  5  0  0
2009  8  6  0  0
2009  8  7  0  0
2009  8  8  0  0
2009  8  9  0  0
2009  8 10  0  0
2009  8 11  0  0
2009  8 12  0  0
2009  8 13  0  0
2009  8 14  0  0
2009  8 15  0  0
2009  8 16  0  0
2009  8 17  0  0
2009  8 18  0  0
2009  8 19  0  0
2009  8 20  0  0
2009  8 21  0  0
2009  8 22  0  0
2009  8 23  0  0
2009  8 24  0  0
2009  8 25  0  0
2009  8 26  0  0
2009  8 27  0  0
2009  8 28  0  0
2009  8 29  0  0
2009  8 30  0  0
2009  8 31  0  0
2009  9  1  0  0
2009  9  2  0  0
2009  9  3  0  0
2009  9  4  0  0
2009  9  5  0  0
2009  9  6  0  0
2009  9  7  0  0
2009  9  8  0  0
2009  9  9  0  0
2009  9 10  0  0
2009  9 11  0  0
2009  9 12  0  0
2009  9 13  0  0
2009  9 14  0  0
2009  9 15  0  0
2009  9 16  0  0
2009  9 17  0  0
2009  9 18  0  0
2009  9 19  0  0
2009  9 20  0  0
2009  9 21  0  0
2009  9 22  0  0
2009  9 23  0  0
2009  9 24  0  0
2009  9 25  0  0
2009  9 26  0  0
2009  9 27  0  0
2009  9 28  0  0
2009  9 29  0  0
2009  9 30  0  0

initial date/time = 2026-06-25  18:10:01.820
  final date/time = 2026-06-25  18:10:16.881

     elapsed init =   2.2000000E-02 s
    fraction init =   1.4607264E-03

    elapsed setup =   4.0000000E-03 s
   fraction setup =   2.6558661E-04

  elapsed restart =    0.000000     s
 fraction restart =    0.000000    

     elapsed read =    1.517000     s
    fraction read =   0.1007237    

    elapsed write =   0.4060000     s
   fraction write =   2.6957041E-02

  elapsed physics =    13.05800     s
 fraction physics =   0.8670075    

     elapsed time =    15.06100     s
       or             0.2510167     m
       or             4.1836111E-03 h
       or             1.7431713E-04 d

   number threads =          1

 FORTRAN STOP: finished simulation successfully.
--- calculate diagnostics ---
INFO: KGE = -0.089046
--- done with calibration trial ---
